f2py m2fsholesxy.f90 -m m2fsholesxy -h m2fsholesxy.pyf only: m2fsholesxy :
#manually edit m2fsholesxy.pyf
f2py -c m2fsholesxy.pyf *.f90 -m m2fsholesxy


HA,ST =  -0.31  7.08  X =  1.44  (El,Az) =   44.0 178.3
07 23 45.07  -74 56 56.0   2000.0  180.0
70 42 06.00  -29 00 12.00  2282.0
07 30 00  25 11 2013

07 22 11.22  -75 01 32.0  2000.0  O     3.7554   4.9772  -0.3824   0.1660                 
07 21 44.92  -74 58 20.5  2000.0  O     1.1495   6.3798  -0.4135   0.1660                 
07 21 14.88  -74 59 41.5  2000.0  O     2.2714   8.0006  -0.6824   0.1660                 
07 22 30.98  -75 07 52.8  2000.0  O     9.0274   3.9667  -0.9619   0.1660                 
07 20 52.64  -75 02 36.8  2000.0  O     4.7088   9.2223  -1.0618   0.1660                 
07 20  7.09  -74 59 23.2  2000.0  O     2.0753  11.7498  -1.4148   0.1660                 
07 21  0.83  -75 05 51.0  2000.0  O     7.4127   8.8040  -1.3151   0.1660                 
07 22  1.43  -74 58 53.4  2000.0  S     1.5932   5.4950  -0.3218   0.1660
07 22 11.14  -75 08 26.1  2000.0  S     9.5159   5.0320  -1.1485   0.1660
07 20 25.38  -74 58  0.0  2000.0  S     0.9083  10.7276  -1.1488   0.1660
07 25 38.01  -74 50 12.9  2000.0  A    -5.4663  -6.0938  -0.6610   0.1660
07 25 51.51  -74 57 50.6  2000.0  A     0.8062  -6.7117  -0.4498   0.1660
07 24 46.80  -75 04 34.9  2000.0  A     6.2883  -3.2272  -0.4920   0.1660
07 22 14.36  -74 59 56.4  2000.0  A     2.4483   4.8063  -0.2859   0.1660
07 21  7.52  -74 54 25.4  2000.0  A    -2.0572   8.4278  -0.7430   0.1660
07 25 42.31  -74 49 13.7  2000.0  G    -6.2865  -6.3482  -0.7883   0.3160
07 25 56.72  -75 00 42.9  2000.0  G     3.1672  -6.9694  -0.5776   0.3160
07 22 41.94  -75 02 30.1  2000.0  G     4.5412   3.3505  -0.3131   0.3160
